20585
22139
22159
22594
25759
28867
29937
30048
30424
30425
30426
30427
30429
30435
30569
30585
30615
30693
30696
30859
30880
30907
30922
30926
30930
30946
31058
31065
31117
31118
31119
31124
31227
31241
31262
31266
31278
31285
31286
31301
31314
31317
31324
31334
31337
31340
31354
31355
31358
31360
31361
31382
31385
31386
31387
31389
31389
31391
31393
31411
31412
31419
31422
31423
31425
31429
31430
31433
31436
31439
31441
31446
31449
31450
31452
31458
31459
31466
31467
31468
31479
31487
31489
31493
31501
31503
31504
31508
31513
31514
31515
31518
31519
31520
31522
31525
31527
31528
31538
31539
31540
31541
31546
31547
31548
31549
31550
31551
31552
31555
31556
31559
31561
31562
31563
31564
31566
31567
31569
31575
31577
31578
31579
31584
31585
31586
31589
31590
31592
31596
31704
31705
31706
31707
31713
31714
31717
31721
31722
31724
31726
31728
31734
31735
31736
31746
31750
31751
31755
31758
31763
31764
31766
31767
31768
31769
31771
31772
31774
31775
31779
31780
31790
31791
31795
31797
31804
31808
31809
31810
31811
31813
31814
31815
31816
31817
31818
31819
31821
31822
31823
31824
31826
31828
31829
31830
31832
31833
31835
31838
31840
31841
31844
31855
31856
31857
31858
31859
31862
31867
31868
31869
31870
31871
31872
31874
31875
31876
31877
31879
31890
31891
31892
31893
31894
31896
31898
31903
31904
31905
31906
31907
31915
31916
31923
31926
31927
31928
31929
31930
31931
31944
31945
31948
31950
31953
31954
31955
31956
31957
31958
31959
31962
31963
31966
31968
31974
31975
31977
31978
31981
31989
31990
31991
31992
31993
31994
31996
31997
31998
31999
32002
32003
32014
32015
32016
32017
32018
32019
32020
32021
32022
32025
32026
32027
32028
32029
32031
32032
32035
32036
32037
32038
32039
32040
32041
32042
32044
32045
32047
32048
32049
32052
32058
32127
32128
32129
32130
32131
32132
32133
32134
32137
32139
32141
32145
32146
32150
32151
32154
32157
32161
32165
32168
32169
32176
32177
32178
32179
32185
32186
32187
32188
32189
32190
32191
32193
32194
32195
32196
32197
32205
32206
32207
32208
32209
32210
32211
32213
32215
32216
32217
32220
32221
32225
32226
32238
32240
32241
32242
32243
32244
32245
32246
32247
32250
32251
32252
32253
32254
32256
32257
32259
32260
32261
32263
32264
32269
32270
32271
32273
32276
32277
32280
32282
32287
32288
32289
32290
32291
32292
32297
32302
32303
32304
32305
32309
32310
32311
32314
32315
32316
32319
32323
32332
32337
32339
32343
32356
32357
32358
32363
32364
32365
32366
32367
32368
32372
32373
32374
32375
32376
32377
32379
32382
32383
32389
32392
32393
32397
32398
32400
32401
32402
32403
32413
32415
32416
32418
32419
32420
32421
32422
32424
32426
32427
32428
32430
32431
32433
32434
32435
32438
32439
32440
32441
32444
32445
32446
32450
32451
32453
32454
32455
32456
32457
32458
32459
32460
32464
32465
32467
32468
32469
32470
32473
32474
32475
32477
32479
32480
32481
32486
32488
32504
32505
32512
32519
32520
32521
32527
32528
32529
32531
32532
32533
32534
32535
32536
32537
32539
32540
32543
32546
32549
32551
32554
32555
32556
32558
32562
32574
32575
32576
32577
32581
32586
32587
32588
32600
32603
32610
32612
32613
32614
32616
32617
32618
32621
32622
32625
32626
32640
32641
32658
32665
32666
32667
32676
32677
32693
32694
32695
32696
32697
32700
32701
32702
32705
32711
32712
32713
32717
32718
32721
32722
32723
32742
32752
32760
32763
32766
32767
32768
32769
32770
32776
32777
32781
32782
32783
32784
32785
32786
32787
32788
32792
32795
32798
32799
32806
32810
32811
32812
32814
32815
32818
32821
32822
32825
32826
32828
32830
32834
32835
32838
32839
32840
32841
32842
32843
32844
32846
32853
32854
32855
32856
32857
32859
32860
32862
32863
32868
32869
32870
32871
32872
32873
32874
32875
32877
32878
32883
32885
32887
32890
32891
32892
32895
32896
33003
33004
33005
33006
33007
33008
33011
33012
33013
33014
33015
33017
33019
33021
33022
33023
33024
33025
33027
33028
33032
33036
33045
33046
33050
33054
33057
33058
33059
33061
33062
33063
33064
33065
33071
33078
33085
33086
33095
33096
33097
33100
33102
33106
33107
33108
33109
33112
33115
33116
33121
33124
33125
33126
33127
33129
33131
33132
33133
33135
33137
33138
33139
33145
33146
33150
33151
33157
33157
33161
33162
33166
33168
33171
33174
33175
33176
33182
33183
33184
33185
33186
33187
33191
33192
33197
33200
33201
33204
33207
33208
33212
33213
33216
33217
33219
33220
33221
33222
33224
33228
33229
33235
33236
33237
33238
33241
33243
33244
33245
33246
33247
33250
33253
33254
33259
33262
33268
33273
33277
33282
33284
33286
33287
33288
33290
33291
33293
33294
33295
33297
33298
33300
33302
33308
33309
33316
33318
33319
33320
33322
33324
33327
33329
33330
33334
33335
33336
33345
33346
33347
33348
33350
33351
33352
33355
33356
33357
33360
33362
33363
33364
33365
33367
33368
33402
33403
33404
33405
33406
33407
33414
33416
33419
33420
33422
33423
33424
33426
33427
33428
33429
33436
33438
33439
33440
33441
33442
33446
33451
33452
33453
33455
33462
33465
33466
33467
33472
33474
33475
33476
33478
33481
33482
33484
33486
33488
33490
33493
33494
33496
33498
33501
33503
33504
33507
33508
33509
33510
33512
33514
33515
33519
33520
33525
33526
33527
33537
33538
33540
33541
33542
33543
33553
33554
33555
33556
33558
33565
33569
33570
33572
33573
33575
33579
33580
33581
33582
33586
33589
33590
33591
33597
33598
33599
33610
33611
33615
33617
33618
33619
33622
33623
33632
33637
33638
33645
33646
33653
33656
33658
33659
33660
33662
33663
33664
33669
33671
33672
33673
33674
33675
33676
33680
33681
33683
33684
33685
33686
33687
33691
33692
33697
33698
33699
33711
33713
33715
33716
33717
33718
33719
33726
33729
33733
33735
33738
33740
33742
33743
33745
33748
33749
33752
33753
33754
33755
33756
33757
33759
33760
33771
33773
33775
33776
33777
33781
33782
33786
33787
33788
33789
33790
33791
33796
33797
33798
33799
33800
33801
33802
33809
33815
33816
33817
33818
33819
33834
33837
33838
33839
33840
33841
33846
33847
33849
33850
33851
33852
33853
33854
33855
33856
33859
33863
33865
33866
33867
33871
33872
33873
33882
33883
33884
33885
33886
33889
33891
33892
33899
33900
33902
33904
33906
33907
33910
33911
33912
33913
33917
33918
33919
33923
33927
33928
33932
33935
33937
33944
33946
33947
33948
33950
33951
33954
33955
33956
33957
33960
33961
33962
33964
33965
33966
33968
33969
33970
33971
33972
33975
33976
33978
33979
33980
33981
33982
33983
33985
33988
33990
33991
33992
33993
33994
33995
33996
33996
34002
34003
34008
34009
34010
34011
34012
34013
34015
34016
34017
34018
34021
34022
34023
34024
34026
34031
34034
34035
34036
34038
34039
34040
34041
34042
34045
34047
34049
34052
34053
34057
34058
34059
34060
34061
34062
34067
34068
34069
34071
34073
34074
34075
34081
34082
34083
34084
34086
34088
34089
34090
34092
34096
34097
34098
34100
34106
34108
34109
34111
34112
34114
34115
34116
34117
34123
34128
34129
34130
34138
34141
34142
34144
34145
34146
34147
34148
34155
34157
34159
34160
34162
34176
34178
34184
34189
34190
34191
34194
34195
34196
34197
34198
34199
34203
34204
34205
34207
34208
34212
34216
34217
34218
34219
34220
34224
34227
34228
34232
34233
34234
34236
34237
34238
34239
34241
34243
34248
34251
34251
34253
34260
34262
34263
34264
34265
34266
34268
34271
34272
34273
34275
34276
34279
34280
34287
34288
34289
34292
34294
34295
34296
34302
34303
34304
34305
34306
34314
34319
34320
34321
34322
34323
34329
34331
34333
34336
34341
34342
34344
34345
34347
34348
34349
34356
34358
34359
34360
34363
34365
34371
34372
34373
34374
34375
34377
34378
34379
34383
34384
34388
34389
34390
34391
34396
34397
34401
34402
34403
34404
34406
34408
34409
34411
34412
34413
34417
34425
34426
34434
34435
34436
34442
34443
34446
34447
34448
34454
34455
34457
34458
34459
34460
34461
34462
34468
34469
34470
34471
34473
34474
34478
34480
34489
34490
34496
34497
34498
34499
34507
34512
34514
34515
34524
34525
34527
34528
34531
34532
34545
34548
34548
34552
34553
34554
34555
34568
34573
34577
34578
34589
34614
