34609
34578
34573
34479
34235
34490
34470
34372
34489
34608
34597
34596
34588
34445
34515
34524
34590
34413
34468
34497
32399
34397
34544
34584
34577
34555
34556
34552
34593
34595
34594
34592
34471
34583
34512
34591
34589
34434
34574
34537
34494
34548
34571
34545
34554
34527
34553
34570
34417
34575
34399
34568
34532
34523
34253
34525
34295
34518
34516
34517
34519
34529
34473
34424
34503
34492
34453
34543
34507
34333
34429
34493
34508
34501
34435
34432
34496
34491
34390
34483
33844
34472
34182
34402
34309
34268
34331
34355
33861
34377
34330
34349
34257
34126
33134
33165
34256
34032
33989
33714
34118
22942
34027
28180
34143
32522
32538
30037
30061
31418
30246
33747
33079
33661
32396
33603
32882
33141
33315
27653
31448
