34522
34258
34464
34605
34506
34078
34246
34165
34598
34154
34456
34079
34560
34231
34562
34542
34247
34538
34414
34559
34558
34520
34541
34465
34534
34423
34521
34449
34007
33922
34051
34325
34450
34466
34420
34044
34380
33703
34308
33925
33018
28631
28990
33587
33774
28338
32867
32411
30659
28996
30900
31911
33218
33349
31296
33234
30417
33707
33778
29757
30830
31800
30999
33068
33369
30855
30309
32866
33313
32023
27236
28761
31264
34177
33721
33984
31983
29958
27274
31407
27611
30564
32865
33188
30845
33359
29688
32659
27905
32334
29535
30579
31108
30479
33075
29275
31331
33010
31045
25902
33314
30878
29003
31938
31362
33499
