25902
27236
27274
27611
27905
28338
28338
28631
28631
28761
28990
28996
29003
29275
29535
29535
29688
29688
29757
30417
30479
30579
30659
30830
30845
30855
30878
30999
31045
31045
31108
31264
31296
31296
31331
31362
31362
31407
31800
31911
31911
31938
31983
32659
33018
33068
33075
33188
33218
33218
33234
33313
33313
33314
33369
33499
33587
33703
33707
33721
33774
33778
33922
33925
33925
33984
34044
34051
34079
34154
34231
34258
34308
34380
34420
34420
34449
34450
34456
34465
34466
34520
34520
34534
34534
34538
34538
34541
34542
34558
34560
34598
34605
34606
34618
34632
34661
34661
34683
34695
34695
34698
34698
