20585
22139
22159
22942
25759
25902
27236
27274
27611
27653
27905
28102
28178
28180
28338
28354
28631
28761
28867
28990
28996
29003
29275
29535
29680
29688
29757
29937
29958
30037
30048
30061
30174
30246
30309
30372
30417
30424
30425
30426
30427
30429
30435
30479
30491
30511
30519
30520
30538
30564
30569
30579
30585
30615
30645
30659
30693
30696
30826
30830
30841
30845
30855
30859
30878
30879
30880
30900
30907
30914
30922
30926
30930
30946
30999
31045
31058
31065
31071
31108
31117
31118
31119
31124
31227
31233
31241
31262
31264
31266
31278
31285
31286
31296
31301
31317
31331
31334
31337
31340
31347
31352
31353
31354
31358
31360
31361
31362
31375
31382
31385
31386
31387
31389
31391
31393
31407
31411
31412
31418
31419
31423
31425
31430
31433
31436
31439
31441
31446
31448
31450
31452
31458
31459
31461
31466
31467
31468
31479
31489
31493
31501
31503
31508
31513
31514
31515
31518
31519
31520
31522
31525
31527
31528
31531
31537
31538
31540
31541
31546
31547
31548
31549
31550
31551
31552
31555
31556
31559
31560
31561
31562
31563
31564
31566
31567
31569
31571
31575
31577
31578
31579
31584
31585
31586
31589
31590
31592
31596
31704
31705
31706
31707
31713
31714
31717
31721
31722
31724
31726
31728
31734
31735
31736
31746
31750
31751
31755
31758
31763
31764
31766
31767
31768
31769
31771
31772
31774
31775
31779
31780
31790
31791
31795
31800
31804
31809
31810
31811
31814
31815
31816
31817
31818
31819
31821
31822
31823
31824
31826
31828
31829
31830
31831
31832
31833
31835
31840
31841
31844
31855
31856
31857
31858
31859
31862
31867
31868
31869
31870
31871
31874
31875
31876
31877
31890
31891
31892
31893
31894
31896
31898
31903
31904
31905
31906
31907
31911
31915
31916
31923
31926
31927
31928
31929
31930
31931
31938
31944
31945
31948
31950
31953
31954
31955
31956
31957
31958
31959
31962
31963
31966
31968
31974
31975
31977
31978
31981
31983
31989
31990
31991
31992
31993
31994
31996
31997
31998
31999
32002
32003
32007
32014
32015
32016
32021
32022
32023
32025
32027
32029
32031
32032
32035
32036
32037
32038
32039
32040
32042
32044
32045
32047
32048
32052
32058
32127
32128
32129
32130
32131
32132
32133
32134
32137
32139
32141
32145
32146
32150
32151
32154
32157
32161
32165
32168
32169
32176
32177
32185
32188
32189
32190
32191
32193
32194
32195
32196
32197
32203
32205
32206
32207
32208
32209
32210
32211
32215
32216
32217
32220
32221
32225
32226
32238
32240
32241
32242
32243
32244
32245
32246
32247
32250
32252
32253
32254
32257
32259
32260
32261
32263
32264
32269
32270
32271
32273
32276
32277
32280
32282
32287
32288
32289
32290
32291
32292
32297
32302
32303
32304
32305
32310
32311
32314
32315
32316
32319
32323
32328
32332
32334
32337
32339
32343
32356
32357
32358
32363
32364
32366
32367
32368
32369
32372
32373
32374
32375
32376
32377
32379
32382
32383
32389
32392
32393
32396
32397
32398
32399
32400
32401
32402
32403
32411
32412
32413
32414
32416
32418
32419
32420
32421
32422
32424
32426
32427
32428
32430
32431
32433
32434
32435
32438
32439
32440
32441
32444
32445
32446
32450
32451
32453
32454
32455
32456
32457
32458
32459
32460
32464
32465
32467
32468
32469
32470
32473
32474
32475
32476
32477
32479
32480
32481
32486
32488
32504
32505
32512
32519
32520
32521
32522
32527
32528
32529
32531
32532
32533
32534
32536
32537
32538
32539
32540
32543
32546
32549
32550
32551
32554
32555
32556
32558
32562
32574
32575
32576
32577
32581
32586
32587
32588
32600
32603
32610
32612
32613
32614
32616
32617
32618
32621
32622
32625
32626
32640
32641
32658
32659
32664
32665
32666
32667
32676
32677
32693
32694
32695
32696
32697
32700
32701
32702
32705
32711
32712
32713
32717
32718
32721
32722
32723
32742
32752
32760
32763
32766
32767
32768
32769
32770
32776
32777
32781
32782
32783
32784
32785
32786
32787
32788
32792
32795
32798
32799
32806
32810
32811
32812
32814
32815
32818
32821
32822
32825
32826
32828
32830
32834
32835
32838
32839
32840
32841
32842
32843
32844
32845
32846
32853
32854
32855
32856
32857
32859
32862
32863
32867
32869
32870
32871
32872
32873
32874
32875
32877
32878
32882
32883
32884
32885
32887
32889
32890
32891
32892
32895
32896
33003
33004
33005
33006
33007
33008
33010
33011
33012
33013
33014
33015
33017
33018
33019
33021
33022
33023
33024
33025
33027
33028
33032
33036
33045
33046
33050
33054
33057
33058
33059
33061
33062
33063
33064
33065
33068
33071
33073
33075
33076
33078
33079
33084
33085
33086
33095
33096
33097
33100
33102
33106
33107
33108
33109
33112
33115
33116
33121
33124
33125
33126
33127
33129
33131
33132
33133
33135
33137
33138
33139
33141
33145
33146
33150
33151
33157
33161
33162
33165
33166
33168
33171
33175
33176
33182
33184
33185
33186
33187
33188
33191
33192
33197
33200
33204
33207
33208
33212
33213
33217
33218
33219
33220
33221
33222
33224
33229
33234
33235
33236
33237
33238
33239
33241
33243
33244
33245
33246
33247
33250
33253
33254
33258
33259
33262
33268
33273
33277
33282
33284
33286
33287
33288
33290
33291
33293
33294
33295
33297
33298
33300
33302
33308
33309
33311
33313
33314
33315
33316
33318
33319
33320
33322
33324
33325
33327
33328
33329
33330
33334
33335
33336
33341
33344
33345
33346
33347
33348
33349
33350
33351
33352
33354
33355
33356
33357
33360
33362
33363
33364
33367
33368
33369
33402
33403
33404
33405
33406
33407
33414
33416
33419
33420
33422
33423
33424
33426
33427
33428
33436
33438
33439
33441
33442
33451
33452
33453
33455
33462
33465
33466
33467
33472
33474
33475
33476
33478
33481
33482
33484
33488
33490
33493
33494
33496
33498
33499
33501
33503
33504
33506
33507
33508
33509
33510
33512
33515
33519
33520
33525
33526
33527
33537
33538
33540
33541
33542
33543
33553
33554
33555
33556
33558
33565
33569
33570
33572
33573
33575
33579
33580
33581
33582
33586
33587
33589
33590
33591
33597
33598
33599
33603
33610
33611
33615
33617
33618
33619
33622
33623
33632
33637
33638
33645
33646
33653
33656
33658
33659
33660
33661
33662
33663
33664
33669
33671
33672
33673
33674
33675
33676
33680
33681
33683
33684
33685
33686
33687
33691
33692
33697
33698
33699
33703
33707
33711
33712
33713
33714
33715
33716
33717
33718
33719
33721
33722
33723
33726
33727
33729
33733
33735
33738
33740
33742
33743
33745
33747
33748
33749
33752
33753
33754
33755
33756
33757
33759
33771
33773
33774
33775
33777
33778
33781
33786
33787
33788
33789
33790
33791
33796
33797
33798
33799
33800
33801
33802
33809
33815
33816
33817
33818
33819
33834
33837
33838
33839
33840
33841
33844
33846
33847
33849
33850
33851
33853
33854
33855
33856
33859
33861
33862
33863
33866
33867
33871
33872
33882
33883
33884
33885
33886
33889
33891
33892
33899
33900
33902
33904
33907
33910
33911
33912
33913
33917
33918
33919
33922
33923
33925
33927
33928
33932
33934
33935
33937
33939
33944
33946
33947
33948
33949
33950
33951
33954
33956
33957
33960
33961
33962
33964
33965
33966
33969
33970
33971
33972
33975
33976
33978
33979
33980
33981
33982
33983
33984
33985
33987
33988
33989
33990
33991
33993
33994
33995
33996
34002
34003
34007
34008
34010
34011
34012
34013
34015
34017
34018
34021
34022
34023
34024
34026
34027
34031
34032
34034
34035
34036
34039
34040
34041
34042
34044
34045
34047
34049
34051
34052
34053
34058
34059
34060
34061
34062
34067
34068
34069
34071
34072
34073
34074
34075
34078
34079
34081
34082
34083
34084
34086
34088
34089
34090
34091
34092
34096
34097
34098
34100
34105
34106
34108
34109
34111
34112
34114
34115
34116
34117
34118
34123
34126
34128
34129
34130
34138
34142
34143
34144
34145
34146
34147
34148
34154
34155
34156
34157
34159
34160
34162
34165
34176
34177
34178
34182
34184
34189
34190
34191
34194
34195
34196
34197
34198
34199
34203
34204
34205
34207
34208
34212
34216
34217
34218
34219
34220
34224
34227
34228
34231
34232
34233
34234
34236
34238
34239
34241
34243
34246
34247
34248
34251
34253
34255
34256
34257
34258
34260
34262
34264
34265
34266
34268
34271
34272
34273
34275
34276
34279
34287
34288
34289
34291
34292
34294
34295
34296
34302
34303
34304
34305
34306
34308
34309
34314
34319
34320
34321
34322
34323
34325
34329
34330
34331
34333
34336
34341
34342
34344
34345
34347
34348
34349
34355
34359
34360
34363
34365
34372
34373
34374
34375
34377
34378
34379
34383
34384
34388
34389
34390
34391
34396
34397
34399
34401
34402
34403
34404
34406
34408
34409
34411
34412
34413
34414
34420
34423
34424
34425
34426
34429
34432
34434
34435
34436
34442
34443
34445
34446
34447
34448
34449
34450
34453
34454
34455
34456
34457
34458
34459
34460
34461
34462
34464
34465
34466
34468
34469
34470
34471
34472
34474
34478
34479
34480
34483
34489
34490
34491
34492
34493
34494
34496
34497
34498
34499
34501
34503
34506
34507
34508
34512
34514
34516
34517
34518
34520
34521
34522
34523
34524
34525
34527
34528
34529
34531
34532
34534
34537
34538
34541
34542
34543
34544
34545
34548
34552
34553
34554
34555
34556
34558
34559
34560
34562
34568
34570
34571
34573
34574
34575
34577
34578
34583
34584
34588
34590
34591
34592
34593
34594
34595
34596
34597
34598
34605
34606
34607
34608
34609
34611
34614
34617
34618
34621
34622
34623
34625
34626
34627
34628
34629
34630
34633
34634
34635
34639
34641
34642
34650
34651
34652
34654
34656
34661
34662
34664
34666
34669
34673
34674
34675
34677
34678
34679
34683
34684
34687
34688
34691
34693
34694
34695
34698
34699
34702
34710
34716
34717
34720
34723
34724
34729
34732
34735
34736
34737
34739
34740
34741
34743
34745
34746
34747
34753
34755
34757
34761
34762
34763
34764
34765
34766
34767
34768
34769
34770
34771
34779
34780
34781
34782
34785
34786
34787
34788
34789
34792
34794
34795
34797
34798
34799
34800
34801
34802
34803
34805
34806
34807
34808
34809
34810
34812
34813
34814
34815
34818
34819
34821
34822
34824
34825
34826
34827
34828
34829
34830
34831
34832
34833
34836
34837
34838
34842
34846
34847
34848
34851
34852
34854
34857
34858
34859
34860
34861
34864
34869
34870
34871
34872
34874
34877
34878
34879
34882
34883
34887
34889
34891
34893
34904
34906
34908
34909
34910
34911
34912
34914
34915
34916
34918
34956
34957
34958
34959
34961
34967
34968
34971
34972
34974
34975
34976
34977
34979
34980
34982
34984
34985
34986
34987
34989
34991
34994
34995
34997
35003
35004
35005
35006
35007
35009
35010
35011
35012
35013
35015
35016
35022
35026
35027
35028
35029
35030
35031
35032
35033
35036
35037
35039
35041
35042
35043
35044
35045
35046
35049
35050
35054
35056
35058
35060
35061
35062
35063
35065
35070
35072
35073
35074
35075
35079
35080
35083
35084
35086
35087
35088
35089
35092
35093
35094
35096
35100
35101
35102
35104
35105
35108
35109
35110
35112
35113
35116
35117
35121
35122
35123
35124
35125
